998262224 991874870 978601888 964911023 964608547 960039699 958273130 949661738 924124222 921987721 919392444 910893151 909973864 907090878 899003369 896400011 871088534 868318236 867960437 849540177 846671921 838529741 826321850 815740520 814283264 793328473 784641190 775720601 749258866 743766982 729973192 725078407 717901019 712570181 711327114 695823011 689809286 678638852 676890302 662183572 658017649 642411618 638074479 636727234 634685437 633027021 632877562 629843174 617774786 607898881 
Min: 921987721

919392444 910893151 909973864 907090878 899003369 896400011 871088534 868318236 867960437 849540177 846671921 838529741 826321850 815740520 814283264 793328473 784641190 775720601 749258866 743766982 729973192 725078407 717901019 712570181 711327114 695823011 689809286 678638852 676890302 662183572 658017649 642411618 638074479 636727234 634685437 633027021 632877562 629843174 617774786 607898881 76274503 69887149 56614167 42923302 42620826 38051978 36285409 27674017 2136501 0 
Min: 849540177

846671921 838529741 826321850 815740520 814283264 793328473 784641190 775720601 749258866 743766982 729973192 725078407 717901019 712570181 711327114 695823011 689809286 678638852 676890302 662183572 658017649 642411618 638074479 636727234 634685437 633027021 632877562 629843174 617774786 607898881 76274503 69887149 69852267 61352974 60433687 57550701 56614167 49463192 46859834 42923302 42620826 38051978 36285409 27674017 21548357 18778059 18420260 2136501 0 0 
Min: 743766982

729973192 725078407 717901019 712570181 711327114 695823011 689809286 678638852 676890302 662183572 658017649 642411618 638074479 636727234 634685437 633027021 632877562 629843174 617774786 607898881 102904939 94762759 82554868 76274503 71973538 70516282 69887149 69852267 61352974 60433687 57550701 56614167 49561491 49463192 46859834 42923302 42620826 40874208 38051978 36285409 31953619 27674017 21548357 18778059 18420260 5491884 2136501 0 0 0 
Min: 662183572

658017649 642411618 638074479 636727234 634685437 633027021 632877562 629843174 617774786 607898881 102904939 94762759 82554868 76274503 71973538 70516282 69887149 69852267 67789620 62894835 61352974 60433687 57550701 56614167 55717447 50386609 49561491 49463192 49143542 46859834 42923302 42620826 40874208 38051978 36285409 33639439 31953619 27674017 27625714 21548357 18778059 18420260 16455280 14706730 5491884 2136501 0 0 0 0 
Min: 607898881

102904939 94762759 82554868 76274503 71973538 70516282 69887149 69852267 67789620 62894835 61352974 60433687 57550701 56614167 55717447 50386609 50118768 49561491 49463192 49143542 46859834 42923302 42620826 40874208 38051978 36285409 34512737 33639439 31953619 30175598 28828353 27674017 27625714 26786556 25128140 24978681 21944293 21548357 18778059 18420260 16455280 14706730 9875905 5491884 2136501 0 0 0 0 0 
Min: 62894835

61352974 60433687 57550701 56614167 55717447 50386609 50118768 49561491 49463192 49143542 46859834 42923302 42620826 40874208 40010104 38051978 36285409 34512737 33639439 31953619 31867924 30175598 28828353 27674017 27625714 26786556 25128140 24978681 21944293 21548357 19660033 18778059 18420260 16455280 14706730 13379668 9875905 9078703 7621447 6992314 6957432 5491884 4894785 2136501 0 0 0 0 0 0 
Min: 49143542

46859834 42923302 42620826 40874208 40010104 38051978 36285409 34512737 33639439 31953619 31867924 30175598 28828353 27674017 27625714 26786556 25128140 24978681 21944293 21548357 19660033 18778059 18420260 16455280 14706730 13379668 12209432 11290145 9875905 9078703 8407159 7621447 7470625 6992314 6957432 6573905 5491884 4894785 2136501 1243067 975226 417949 319650 0 0 0 0 0 0 0 
Min: 31953619

31867924 30175598 28828353 27674017 27625714 26786556 25128140 24978681 21944293 21548357 19660033 18778059 18420260 16455280 14906215 14706730 13379668 12209432 11290145 10969683 10667207 9875905 9078703 8920589 8407159 8056485 7621447 7470625 6992314 6957432 6573905 6098359 5491884 4894785 4331790 2559118 2136501 1685820 1243067 975226 417949 319650 0 0 0 0 0 0 0 0 
Min: 21548357

19660033 18778059 18420260 16455280 14906215 14706730 13379668 12209432 11290145 10969683 10667207 10319567 9875905 9078703 8920589 8627241 8407159 8056485 7621447 7470625 7279996 6992314 6957432 6573905 6125660 6098359 6077357 5491884 5238199 4894785 4331790 3579783 3430324 2559118 2136501 1685820 1243067 975226 417949 395936 319650 0 0 0 0 0 0 0 0 0 
Min: 10969683

10667207 10319567 9875905 9078703 8920589 8690350 8627241 8407159 8056485 7808376 7621447 7470625 7450577 7279996 6992314 6957432 6573905 6125660 6098359 6077357 5491884 5485597 5238199 4894785 4331790 3936532 3737047 3579783 3430324 2559118 2409985 2136501 1685820 1243067 1239749 975226 417949 395936 320462 319650 0 0 0 0 0 0 0 0 0 0 
Min: 7808376

7621447 7470625 7450577 7279996 6992314 6957432 6573905 6125660 6098359 6077357 5491884 5485597 5238199 4894785 4331790 3936532 3737047 3579783 3430324 2858831 2559118 2511191 2409985 2136501 2067529 1685820 1270327 1243067 1239749 1112213 975226 881974 818865 598783 417949 395936 320462 319650 248109 0 0 0 0 0 0 0 0 0 0 0 
Min: 6077357

5491884 5485597 5238199 4894785 4331790 3936532 3737047 3579783 3430324 2858831 2559118 2511191 2409985 2136501 2067529 1685820 1544090 1393268 1373220 1270327 1243067 1239749 1202639 1112213 975226 914957 881974 880075 818865 598783 496548 417949 395936 320462 319650 248109 48303 21002 0 0 0 0 0 0 0 0 0 0 0 0 
Min: 2858831

2633053 2626766 2559118 2511191 2409985 2379368 2136501 2067529 2035954 1685820 1544090 1472959 1393268 1373220 1270327 1243067 1239749 1202639 1112213 1077701 975226 914957 881974 880075 878216 818865 720952 598783 571493 496548 417949 395936 320462 319650 248109 48303 21002 0 0 0 0 0 0 0 0 0 0 0 0 0 
Min: 1685820

1544090 1472959 1393268 1373220 1270327 1243067 1239749 1202639 1112213 1077701 975226 947233 940946 914957 881974 880075 878216 873298 825371 818865 724165 720952 693548 598783 571493 496548 450681 417949 395936 381709 350134 320462 319650 248109 48303 21002 0 0 0 0 0 0 0 0 0 0 0 0 0 0 
Min: 1077701

975226 947233 940946 914957 881974 880075 878216 873298 825371 818865 724165 720952 693548 598783 571493 496548 466389 450681 417949 395936 395258 381709 350134 320462 319650 315567 295519 248109 192626 165366 162048 124938 48303 34512 21002 0 0 0 0 0 0 0 0 0 0 0 0 0 0 0 
Min: 818865

724165 720952 693548 598783 571493 496548 466389 450681 417949 395936 395258 381709 350134 320462 319650 315567 295519 248109 192626 165366 162048 156361 128368 124938 122081 96092 63109 61210 59351 54433 48303 34512 21002 6506 0 0 0 0 0 0 0 0 0 0 0 0 0 0 0 0 
Min: 395936

395258 381709 350134 328229 325016 320462 319650 315567 297612 295519 248109 202847 192626 175557 165366 162048 156361 128368 124938 122081 100612 96092 70453 63109 61210 59351 54745 54433 48303 34512 22013 21002 6506 0 0 0 0 0 0 0 0 0 0 0 0 0 0 0 0 0 
Min: 295519

248109 202847 192626 175557 165366 162048 156361 128368 124938 122081 100612 99739 96092 86190 70453 63109 61210 59351 54745 54615 54433 48303 34512 32710 29497 24943 24131 22013 21002 20048 6506 2093 0 0 0 0 0 0 0 0 0 0 0 0 0 0 0 0 0 0 
Min: 122081

126028 100612 99739 96092 86190 80766 70545 70453 63109 61210 59351 54745 54615 54433 53476 48303 43285 39967 34512 34280 32710 29497 24943 24131 22013 21002 20048 6506 6287 2857 2093 0 0 0 0 0 0 0 0 0 0 0 0 0 0 0 0 0 0 0 
Min: 61210

64818 59351 54745 54615 54433 53476 48303 43285 39967 39402 38529 34882 34512 34280 32710 29497 24980 24943 24131 22013 21002 20048 19556 9335 9243 6506 6287 2857 2093 1899 0 0 0 0 0 0 0 0 0 0 0 0 0 0 0 0 0 0 0 0 
Min: 39402

38529 34882 34512 34280 32710 29497 25416 24980 24943 24131 22013 21002 20048 19949 19556 15343 15213 15031 14074 9335 9243 8901 6506 6287 3883 2857 2093 1899 565 0 0 0 0 0 0 0 0 0 0 0 0 0 0 0 0 0 0 0 0 0 
Min: 24131

22013 21002 20048 19949 19556 15343 15213 15031 14398 14074 10751 10381 10149 9335 9243 8901 8579 6506 6287 5366 3883 2857 2093 1899 1285 849 812 565 0 0 0 0 0 0 0 0 0 0 0 0 0 0 0 0 0 0 0 0 0 0 
Min: 14074

10751 10381 10149 9335 9243 8901 8579 7939 6928 6506 6287 5974 5875 5482 5366 3883 2857 2093 1899 1285 1269 1139 957 849 812 565 324 0 0 0 0 0 0 0 0 0 0 0 0 0 0 0 0 0 0 0 0 0 0 0 
Min: 6506

6287 5974 5875 5482 5366 4245 3883 3875 3643 2857 2829 2737 2395 2093 2073 1899 1433 1285 1269 1139 957 849 812 565 422 324 0 0 0 0 0 0 0 0 0 0 0 0 0 0 0 0 0 0 0 0 0 0 0 0 
Min: 2857

3430 3117 3018 2829 2737 2625 2509 2395 2093 2073 1899 1433 1388 1285 1269 1139 1026 1018 957 849 812 786 565 422 324 0 0 0 0 0 0 0 0 0 0 0 0 0 0 0 0 0 0 0 0 0 0 0 0 0 
Min: 2073

1899 1433 1388 1357 1285 1269 1139 1044 1026 1018 957 945 849 812 786 756 664 565 552 436 422 324 322 20 0 0 0 0 0 0 0 0 0 0 0 0 0 0 0 0 0 0 0 0 0 0 0 0 0 0 
Min: 1018

957 945 881 849 812 786 756 664 565 552 436 422 415 370 339 324 322 267 251 121 26 20 8 0 0 0 0 0 0 0 0 0 0 0 0 0 0 0 0 0 0 0 0 0 0 0 0 0 0 0 
Min: 552

436 422 415 405 393 370 339 329 324 322 297 267 260 251 234 204 121 112 26 20 13 8 0 0 0 0 0 0 0 0 0 0 0 0 0 0 0 0 0 0 0 0 0 0 0 0 0 0 0 0 
Min: 322

297 267 260 251 234 204 121 114 112 100 93 83 71 48 26 20 17 13 8 7 2 0 0 0 0 0 0 0 0 0 0 0 0 0 0 0 0 0 0 0 0 0 0 0 0 0 0 0 0 0 
Min: 100

197 167 160 151 134 104 93 83 71 48 26 21 20 17 14 13 12 8 7 2 0 0 0 0 0 0 0 0 0 0 0 0 0 0 0 0 0 0 0 0 0 0 0 0 0 0 0 0 0 0 
Min: 48

149 119 112 103 86 56 45 35 26 23 21 20 17 14 13 12 8 7 2 0 0 0 0 0 0 0 0 0 0 0 0 0 0 0 0 0 0 0 0 0 0 0 0 0 0 0 0 0 0 0 
Min: 23

126 96 89 80 63 33 22 21 20 17 14 13 12 12 8 7 3 2 0 0 0 0 0 0 0 0 0 0 0 0 0 0 0 0 0 0 0 0 0 0 0 0 0 0 0 0 0 0 0 0 
Min: 17

109 79 72 63 46 16 14 13 12 12 8 7 5 4 3 3 2 0 0 0 0 0 0 0 0 0 0 0 0 0 0 0 0 0 0 0 0 0 0 0 0 0 0 0 0 0 0 0 0 0 
Min: 12

97 67 60 51 34 8 7 5 4 4 3 3 2 2 1 0 0 0 0 0 0 0 0 0 0 0 0 0 0 0 0 0 0 0 0 0 0 0 0 0 0 0 0 0 0 0 0 0 0 0 
Min: 4

93 63 56 47 30 4 3 3 3 2 2 1 1 0 0 0 0 0 0 0 0 0 0 0 0 0 0 0 0 0 0 0 0 0 0 0 0 0 0 0 0 0 0 0 0 0 0 0 0 0 
Min: 2

91 61 54 45 28 2 2 1 1 1 1 1 0 0 0 0 0 0 0 0 0 0 0 0 0 0 0 0 0 0 0 0 0 0 0 0 0 0 0 0 0 0 0 0 0 0 0 0 0 0 
Min: 1

90 60 53 44 27 1 1 1 1 0 0 0 0 0 0 0 0 0 0 0 0 0 0 0 0 0 0 0 0 0 0 0 0 0 0 0 0 0 0 0 0 0 0 0 0 0 0 0 0 0 
Min: 0

-311787089
